[physics]
a  = 4.533200e+00
c  = 1.179670e+01
g0 = 1.386100e+00
b1 = [-1.386100e+00, -8.002652e-01, 5.326463e-01]
b2 = [1.386100e+00, -8.002652e-01, 5.326463e-01]
b3 = [0.000000e+00, 1.600530e+00, 5.326463e-01]

kT = [0.000000e+00, 0.000000e+00, 7.989694e-01]
kL1 = [-6.930500e-01, -4.001326e-01, 2.663231e-01]
kL2 = [6.930500e-01, -4.001326e-01, 2.663231e-01]
kL3 = [0.000000e+00, 8.002652e-01, 2.663231e-01]

bands  = 16
bandsT = 8
bandsL = 4
lowest_band_T = 8
lowest_band_L = 9
[numeric]
