[physics]
a  = 4.533200e+00
c  = 1.179670e+01
g0 = 1.386100e+00
b1x = -1.386100e+00
b1y = -8.002652e-01
b1z = 5.326463e-01
b2x = 1.386100e+00
b2y = -8.002652e-01
b2z = 5.326463e-01
b3x = 0.000000e+00
b3y = 1.600530e+00
b3z = 5.326463e-01

kTx = 0.000000e+00
kTy = 0.000000e+00
kTz = 7.989694e-01
kL1x = -6.930500e-01
kL1y = -4.001326e-01
kL1z = 2.663231e-01
kL2x = 6.930500e-01
kL2y = -4.001326e-01
kL2z = 2.663231e-01
kL3x = 0.000000e+00
kL3y = 8.002652e-01
kL3z = 2.663231e-01

bands  = 16
bandsT = 8
bandsL = 4
lowest_band_T = 7
lowest_band_L = 9

ET0 = -1.117978e+00
ET1 = -1.117978e+00
ET2 = 1.202872e-02
ET3 = 1.202872e-02
ET4 = 3.813696e-01
ET5 = 3.813696e-01
ET6 = 9.519713e-01
ET7 = 9.519713e-01

EL0 = -3.944519e-02
EL1 = -3.944519e-02
EL2 = -2.733027e-02
EL3 = -2.733027e-02

[numeric]
