-2.950000e-02, 0.000000e+00, 0.000000e+00, 0.000000e+00, 0.000000e+00, 0.000000e+00, 0.000000e+00, 0.000000e+00, 0.000000e+00, 0.000000e+00, 0.000000e+00, 0.000000e+00, 0.000000e+00, 0.000000e+00, 0.000000e+00, 0.000000e+00, 0.000000e+00
-2.598511e-02, -4.172990e-08, 2.064983e-21, -1.393804e-09, 3.771898e-12, -1.957400e-21, -4.172990e-08, -3.665906e-11, 1.381449e-09, 1.381449e-09, -3.771898e-12, -8.584157e-08, -3.130334e-22, 3.665906e-11, -1.393804e-09, 3.201643e-22, -8.584157e-08
-2.287819e-02, -1.427813e-07, 2.688329e-20, -4.005073e-09, 3.285389e-09, -2.542566e-20, -1.427813e-07, 2.891337e-09, 3.733753e-09, 3.733753e-09, -3.285389e-09, -2.834806e-07, -3.796274e-21, -2.891337e-09, -4.005073e-09, 3.866788e-21, -2.834806e-07
-2.013281e-02, -3.047472e-07, 1.004303e-19, -5.496116e-09, -6.522573e-09, -9.454601e-20, -3.047472e-07, -6.805591e-09, 5.721262e-09, 5.721262e-09, 6.522573e-09, -5.829418e-07, -1.556711e-20, 6.805591e-09, -5.496116e-09, 1.567986e-20, -5.829418e-07
-1.770772e-02, -5.579531e-07, 2.554306e-19, -2.583340e-08, -2.420995e-08, -2.385130e-19, -5.579531e-07, -2.172080e-08, 2.789934e-08, 2.789934e-08, 2.420995e-08, -1.029921e-06, -4.156108e-20, 2.172080e-08, -2.583340e-08, 4.135753e-20, -1.029921e-06
-1.556632e-02, -9.372917e-07, 5.384339e-19, -8.156395e-08, 3.019810e-09, -4.993954e-19, -9.372917e-07, 4.638467e-09, 8.197575e-08, 8.197575e-08, -3.019810e-09, -1.674815e-06, -8.333806e-20, -4.638467e-09, -8.156395e-08, 8.251943e-20, -1.674815e-06
-1.367613e-02, -1.493749e-06, 1.007315e-18, -9.897725e-08, -5.164421e-08, -9.263872e-19, -1.493749e-06, -4.772060e-08, 1.034967e-07, 1.034967e-07, 5.164421e-08, -2.593258e-06, -1.606657e-19, 4.772060e-08, -9.897725e-08, 1.581050e-19, -2.593258e-06
-1.200831e-02, -2.294207e-06, 1.744564e-18, 7.230690e-08, -1.066695e-07, -1.590720e-18, -2.294207e-06, -9.453361e-08, -6.132232e-08, -6.132232e-08, 1.066695e-07, -3.883791e-06, -2.779274e-19, 9.453361e-08, 7.230690e-08, 2.698985e-19, -3.883791e-06
-1.053729e-02, -3.423204e-06, 2.868627e-18, -2.912126e-08, -7.261448e-09, -2.581866e-18, -3.423204e-06, 2.575623e-09, 3.272540e-08, 3.272540e-08, 7.261448e-09, -5.669841e-06, -4.412096e-19, -2.575623e-09, -2.912126e-08, 4.254798e-19, -5.669841e-06
-9.240391e-03, -5.002327e-06, 4.543853e-18, 1.225806e-07, 9.423190e-08, -4.056297e-18, -5.002327e-06, 1.108893e-07, -1.256606e-07, -1.256606e-07, -9.423190e-08, -8.130650e-06, -6.818355e-19, -1.108893e-07, 1.225806e-07, 6.466069e-19, -8.130650e-06
-8.097500e-03, -7.189479e-06, 6.908159e-18, 1.137656e-07, -1.193991e-07, -6.051895e-18, -7.189479e-06, -1.113691e-07, -1.002426e-07, -1.002426e-07, 1.193991e-07, -1.149743e-05, -1.060158e-18, 1.113691e-07, 1.137656e-07, 9.930540e-19, -1.149743e-05
-7.090784e-03, -1.022143e-05, 1.038106e-17, 5.518329e-07, -5.762008e-08, -9.014491e-18, -1.022143e-05, -8.945859e-09, -5.323885e-07, -5.323885e-07, 5.762008e-08, -1.611925e-05, -1.613073e-18, 8.945859e-09, 5.518329e-07, 1.470350e-18, -1.611925e-05
-6.204436e-03, -1.430910e-05, 1.505333e-17, 1.541048e-06, -1.119952e-06, -1.269669e-17, -1.430910e-05, -8.545326e-07, -1.334131e-06, -1.334131e-06, 1.119952e-06, -2.229552e-05, -2.520121e-18, 8.545326e-07, 1.541048e-06, 2.251151e-18, -2.229552e-05
-5.424450e-03, -1.987490e-05, 2.155817e-17, 3.997676e-07, 6.340468e-07, -1.772531e-17, -1.987490e-05, 6.793507e-07, -4.736901e-07, -4.736901e-07, -6.340468e-07, -3.064809e-05, -3.303731e-18, -6.793507e-07, 3.997676e-07, 2.901031e-18, -3.064809e-05
-4.738416e-03, -2.740258e-05, 3.113939e-17, 1.763269e-06, 3.841257e-07, -2.544879e-17, -2.740258e-05, 7.076754e-07, -1.739206e-06, -1.739206e-06, -3.841257e-07, -4.187941e-05, -4.782640e-18, -7.076754e-07, 1.763269e-06, 4.029014e-18, -4.187941e-05
-4.135345e-03, -3.748259e-05, 4.346111e-17, 3.196647e-07, 7.246948e-07, -3.388865e-17, -3.748259e-05, 6.784056e-07, -4.583383e-07, -4.583383e-07, -7.246948e-07, -5.684321e-05, -6.537971e-18, -6.784056e-07, 3.196647e-07, 5.421350e-18, -5.684321e-05
-3.605504e-03, -5.105776e-05, 6.093809e-17, 1.140635e-06, -4.294147e-08, -4.658094e-17, -5.105776e-05, 1.380132e-07, -1.090954e-06, -1.090954e-06, 4.294147e-08, -7.691389e-05, -9.270209e-18, -1.380132e-07, 1.140635e-06, 7.311666e-18, -7.691389e-05
-3.140278e-03, -6.916229e-05, 8.337631e-17, 1.539193e-07, -5.269340e-08, -5.929008e-17, -6.916229e-05, -9.886906e-08, -1.533137e-07, -1.533137e-07, 5.269340e-08, -1.035849e-04, -1.295074e-17, 9.886906e-08, 1.539193e-07, 9.942976e-18, -1.035849e-04
-2.732042e-03, -9.348128e-05, 1.164650e-16, 1.982786e-06, 2.607798e-07, -8.115456e-17, -9.348128e-05, 7.458385e-07, -1.952513e-06, -1.952513e-06, -2.607798e-07, -1.393067e-04, -1.749698e-17, -7.458385e-07, 1.982786e-06, 1.247795e-17, -1.393067e-04
-2.374050e-03, -1.256384e-04, 1.576985e-16, -1.958266e-07, 4.588310e-07, -1.013899e-16, -1.256384e-04, 1.859659e-07, 7.392912e-09, 7.392912e-09, -4.588310e-07, -1.864145e-04, -2.385969e-17, -1.859659e-07, -1.958266e-07, 1.652871e-17, -1.864145e-04
-2.060336e-03, -1.679773e-04, 2.123636e-16, 4.478355e-07, 6.466901e-06, -1.250667e-16, -1.679773e-04, 5.893196e-06, -2.738366e-06, -2.738366e-06, -6.466901e-06, -2.482950e-04, -3.067237e-17, -5.893196e-06, 4.478355e-07, 1.940289e-17, -2.482950e-04
-1.785625e-03, -2.233628e-04, 2.839978e-16, 2.343577e-06, 3.040334e-06, -1.498216e-16, -2.233628e-04, 4.018539e-06, -3.391404e-06, -3.391404e-06, -3.040334e-06, -3.290828e-04, -4.318818e-17, -4.018539e-06, 2.343577e-06, 2.377299e-17, -3.290828e-04
-1.545252e-03, -2.964250e-04, 3.743639e-16, 2.610073e-06, 1.874551e-06, -1.767169e-16, -2.964250e-04, 3.387015e-06, -3.283100e-06, -3.283100e-06, -1.874551e-06, -4.354853e-04, -5.807909e-17, -3.387015e-06, 2.610073e-06, 2.758413e-17, -4.354853e-04
-1.335098e-03, -3.910810e-04, 4.833349e-16, -4.296626e-06, 7.717096e-06, -1.903892e-16, -3.910810e-04, 6.336410e-06, 2.173549e-07, 2.173549e-07, -7.717096e-06, -5.731292e-04, -7.313716e-17, -6.336410e-06, -4.296626e-06, 3.155779e-17, -5.731292e-04
-1.151522e-03, -5.107828e-04, 6.132557e-16, 6.580359e-06, -8.451456e-07, -1.919597e-16, -5.107828e-04, 1.050508e-06, -6.044818e-06, -6.044818e-06, 8.451456e-07, -7.469485e-04, -9.807850e-17, -1.050508e-06, 6.580359e-06, 2.988262e-17, -7.469485e-04
-9.913102e-04, -6.615406e-04, 7.512572e-16, 5.829803e-06, -2.580305e-06, -1.679292e-16, -6.615406e-04, 1.533166e-06, -4.101689e-06, -4.101689e-06, 2.580305e-06, -9.656111e-04, -1.237110e-16, -1.533166e-06, 5.829803e-06, 1.878438e-17, -9.656111e-04
-8.516256e-04, -8.433135e-04, 9.018466e-16, 4.999966e-06, -7.759815e-07, -4.807139e-17, -8.433135e-04, -1.731604e-06, -4.379203e-06, -4.379203e-06, 7.759815e-07, -1.228947e-03, -1.414776e-16, 1.731604e-06, 4.999966e-06, 9.040504e-18, -1.228947e-03
-7.299648e-04, -1.060939e-03, 9.970462e-16, 8.869623e-06, -4.057568e-06, 1.064795e-16, -1.060939e-03, 5.447724e-06, -6.350845e-06, -6.350845e-06, 4.057568e-06, -1.543924e-03, -1.667934e-16, -5.447724e-06, 8.869623e-06, -2.128576e-17, -1.543924e-03
-6.241199e-04, -1.307451e-03, 1.079501e-15, 1.726055e-06, -1.082876e-05, 4.335981e-16, -1.307451e-03, -7.356133e-06, 9.481838e-06, 9.481838e-06, 1.082876e-05, -1.900348e-03, -1.798344e-16, 7.356133e-06, 1.726055e-06, -6.607156e-17, -1.900348e-03
-5.321443e-04, -1.580513e-03, 1.004174e-15, -5.772285e-06, 9.051202e-06, 8.056305e-16, -1.580513e-03, -5.137795e-06, -1.588391e-06, -1.588391e-06, -9.051202e-06, -2.294820e-03, -1.622755e-16, 5.137795e-06, -5.772285e-06, -1.219746e-16, -2.294820e-03
-4.523227e-04, -1.861821e-03, 8.081982e-16, -4.968821e-06, 5.717603e-06, 1.298365e-15, -1.861821e-03, -4.284516e-06, 5.017034e-07, 5.017034e-07, -5.717603e-06, -2.700803e-03, -1.448070e-16, 4.284516e-06, -4.968821e-06, -2.078399e-16, -2.700803e-03
-3.831439e-04, -2.144087e-03, 5.100107e-16, 3.201970e-06, -2.419372e-06, 1.886495e-15, -2.144087e-03, -1.621172e-06, 6.394615e-07, 6.394615e-07, 2.419372e-06, -3.107816e-03, -1.038460e-16, 1.621172e-06, 3.201970e-06, -3.083717e-16, -3.107816e-03
-3.232777e-04, -2.411246e-03, 1.134916e-16, -4.163571e-06, 7.190975e-06, 2.492013e-15, -2.411246e-03, 2.244277e-06, -7.570591e-06, -7.570591e-06, -7.190975e-06, -3.492681e-03, -3.798048e-17, -2.244277e-06, -4.163571e-06, -3.933268e-16, -3.492681e-03
-2.715533e-04, -2.643684e-03, -4.497374e-16, -2.365719e-06, 4.502986e-06, 3.026234e-15, -2.643684e-03, 5.506562e-07, -5.424315e-06, -5.424315e-06, -4.502986e-06, -3.827121e-03, 4.119532e-17, -5.506562e-07, -2.365719e-06, -4.681635e-16, -3.827121e-03
-2.269409e-04, -2.851261e-03, -9.916153e-16, 1.739833e-05, -2.018004e-05, 3.522572e-15, -2.851261e-03, 5.797594e-06, 1.319690e-05, 1.319690e-05, 2.018004e-05, -4.125535e-03, 1.428203e-16, -5.797594e-06, 1.739833e-05, -5.854992e-16, -4.125535e-03
-1.885355e-04, -3.017108e-03, -1.670162e-15, -2.016671e-06, 5.847122e-06, 3.896702e-15, -3.017108e-03, -7.061728e-06, -1.668161e-07, -1.668161e-07, -5.847122e-06, -4.363606e-03, 2.259347e-16, 7.061728e-06, -2.016671e-06, -6.270854e-16, -4.363606e-03
-1.555418e-04, -3.140740e-03, -2.099337e-15, -1.413855e-06, 3.674446e-07, 4.167958e-15, -3.140740e-03, 3.813311e-08, 4.629168e-07, 4.629168e-07, -3.674446e-07, -4.540720e-03, 2.995650e-16, -3.813311e-08, -1.413855e-06, -6.657367e-16, -4.540720e-03
-1.272615e-04, -3.232913e-03, -2.518753e-15, -3.863663e-06, 4.234161e-06, 4.328198e-15, -3.232913e-03, -3.443421e-06, -8.137957e-07, -8.137957e-07, -4.234161e-06, -4.672488e-03, 3.676534e-16, 3.443421e-06, -3.863663e-06, -6.888270e-16, -4.672488e-03
-1.030818e-04, -3.310531e-03, -2.868479e-15, -4.152306e-06, 7.214836e-06, 4.408348e-15, -3.310531e-03, -7.497764e-06, 2.650803e-07, 2.650803e-07, -7.214836e-06, -4.783364e-03, 4.242130e-16, 7.497764e-06, -4.152306e-06, -7.027639e-16, -4.783364e-03
-8.246545e-05, -3.371384e-03, -3.178795e-15, 1.432264e-06, -3.091951e-06, 4.448021e-15, -3.371384e-03, 2.683201e-06, 2.366543e-06, 2.366543e-06, 3.091951e-06, -4.870158e-03, 4.728543e-16, -2.683201e-06, 1.432264e-06, -7.184509e-16, -4.870158e-03
-6.494154e-05, -3.413075e-03, -3.479196e-15, -2.806929e-06, 3.946100e-06, 4.464279e-15, -3.413075e-03, -3.376624e-06, -2.852486e-06, -2.852486e-06, -3.946100e-06, -4.929410e-03, 5.052449e-16, 3.376624e-06, -2.806929e-06, -7.080919e-16, -4.929410e-03
-5.009776e-05, -3.443661e-03, -3.701364e-15, 7.687480e-06, -6.544877e-06, 4.478692e-15, -3.443661e-03, 4.970632e-06, 7.709949e-06, 7.709949e-06, 6.544877e-06, -4.972753e-03, 5.658744e-16, -4.970632e-06, 7.687480e-06, -7.388935e-16, -4.972753e-03
-3.757332e-05, -3.459124e-03, -3.830861e-15, 5.890969e-06, 6.929071e-06, 4.419658e-15, -3.459124e-03, -8.818791e-06, 7.747249e-06, 7.747249e-06, -6.929071e-06, -4.994380e-03, 6.059162e-16, 8.818791e-06, 5.890969e-06, -7.364255e-16, -4.994380e-03
-2.705279e-05, -3.475526e-03, -3.895588e-15, 2.267399e-06, -2.534769e-07, 4.332657e-15, -3.475526e-03, -4.652843e-08, 2.094846e-06, 2.094846e-06, 2.534769e-07, -5.017467e-03, 5.957281e-16, 4.652843e-08, 2.267399e-06, -7.051223e-16, -5.017467e-03
-1.826063e-05, -3.474906e-03, -4.070704e-15, -9.797760e-06, 9.695126e-06, 4.341267e-15, -3.474906e-03, -9.155509e-06, -8.879163e-06, -8.879163e-06, -9.695126e-06, -5.016075e-03, 6.132878e-16, 9.155509e-06, -9.797760e-06, -7.003900e-16, -5.016075e-03
-1.095638e-05, -3.483931e-03, -4.083025e-15, -1.119149e-05, 8.582345e-06, 4.241438e-15, -3.483931e-03, -8.227820e-06, -1.098618e-05, -1.098618e-05, -8.582345e-06, -5.028691e-03, 6.135741e-16, 8.227820e-06, -1.119149e-05, -6.811459e-16, -5.028691e-03
-4.930371e-06, -3.476859e-03, -4.161432e-15, -6.601332e-06, 6.821135e-06, 4.220032e-15, -3.476859e-03, -6.790252e-06, -6.527587e-06, -6.527587e-06, -6.821135e-06, -5.018143e-03, 6.307928e-16, 6.790252e-06, -6.601332e-06, -6.848482e-16, -5.018143e-03
0.000000e+00, -3.484876e-03, -4.225643e-15, -9.433880e-06, 5.680700e-06, 4.202625e-15, -3.484876e-03, -5.848550e-06, -9.509130e-06, -9.509130e-06, -5.680700e-06, -5.029436e-03, 6.314977e-16, 5.848550e-06, -9.433880e-06, -6.711630e-16, -5.029436e-03
4.930371e-06, -3.488318e-03, -4.273376e-15, -3.753544e-06, 9.402591e-07, 4.167906e-15, -3.488318e-03, -1.114661e-06, -3.727916e-06, -3.727916e-06, -9.402591e-07, -5.034124e-03, 6.440946e-16, 1.114661e-06, -3.753544e-06, -6.714090e-16, -5.034124e-03
1.095638e-05, -3.493126e-03, -4.309528e-15, -1.699714e-05, 8.337928e-06, 4.099719e-15, -3.493126e-03, -9.558144e-06, -1.705192e-05, -1.705192e-05, -8.337928e-06, -5.040722e-03, 6.115412e-16, 9.558144e-06, -1.699714e-05, -6.221006e-16, -5.040722e-03
1.826063e-05, -3.485041e-03, -4.388780e-15, -7.197822e-06, 9.426803e-07, 4.073569e-15, -3.485041e-03, -1.811040e-06, -7.048066e-06, -7.048066e-06, -9.426803e-07, -5.028643e-03, 6.420383e-16, 1.811040e-06, -7.197822e-06, -6.343207e-16, -5.028643e-03
2.705279e-05, -3.479712e-03, -4.396968e-15, -2.008597e-06, 4.642744e-06, 3.918694e-15, -3.479712e-03, -4.644843e-06, -1.328113e-06, -1.328113e-06, -4.642744e-06, -5.020457e-03, 6.643400e-16, 4.644843e-06, -2.008597e-06, -6.340908e-16, -5.020457e-03
3.757332e-05, -3.478512e-03, -4.451778e-15, -4.671761e-06, 1.341719e-05, 3.790759e-15, -3.478512e-03, -1.371905e-05, -6.868295e-06, -6.868295e-06, -1.341719e-05, -5.018133e-03, 6.749545e-16, 1.371905e-05, -4.671761e-06, -6.165977e-16, -5.018133e-03
5.009776e-05, -3.465359e-03, -4.566309e-15, -4.224398e-06, 1.145770e-05, 3.769738e-15, -3.465359e-03, -1.198003e-05, -6.865666e-06, -6.865666e-06, -1.145770e-05, -4.998456e-03, 6.761523e-16, 1.198003e-05, -4.224398e-06, -5.853200e-16, -4.998456e-03
6.494154e-05, -3.447089e-03, -4.574044e-15, 2.567870e-06, 9.465263e-06, 3.545864e-15, -3.447089e-03, -7.781996e-06, -8.757709e-08, -8.757709e-08, -9.465263e-06, -4.971276e-03, 7.067231e-16, 7.781996e-06, 2.567870e-06, -5.780699e-16, -4.971276e-03
8.246545e-05, -3.417844e-03, -4.561212e-15, -5.789067e-06, 5.208211e-06, 3.220008e-15, -3.417844e-03, -7.850233e-06, -8.823818e-06, -8.823818e-06, -5.208211e-06, -4.928132e-03, 6.803210e-16, 7.850233e-06, -5.789067e-06, -5.154716e-16, -4.928132e-03
1.030818e-04, -3.371178e-03, -4.524230e-15, -2.188066e-07, 6.847315e-06, 2.989735e-15, -3.371178e-03, -6.780618e-06, -4.086388e-06, -4.086388e-06, -6.847315e-06, -4.859722e-03, 6.919858e-16, 6.780618e-06, -2.188066e-07, -4.814542e-16, -4.859722e-03
1.272615e-04, -3.299140e-03, -4.428329e-15, -1.044623e-05, -9.257461e-06, 2.550795e-15, -3.299140e-03, 1.636122e-06, -5.508278e-06, -5.508278e-06, 9.257461e-06, -4.754589e-03, 6.678348e-16, -1.636122e-06, -1.044623e-05, -3.985024e-16, -4.754589e-03
1.555418e-04, -3.208375e-03, -4.251916e-15, -7.539068e-06, -2.937406e-06, 2.107323e-15, -3.208375e-03, -4.631020e-06, -8.935864e-06, -8.935864e-06, 2.937406e-06, -4.622319e-03, 6.454643e-16, 4.631020e-06, -7.539068e-06, -3.456979e-16, -4.622319e-03
1.885355e-04, -3.089770e-03, -4.027976e-15, -1.652479e-05, -3.757342e-06, 1.470870e-15, -3.089770e-03, -1.199827e-05, -1.385423e-05, -1.385423e-05, 3.757342e-06, -4.449804e-03, 5.959040e-16, 1.199827e-05, -1.652479e-05, -2.473419e-16, -4.449804e-03
2.269409e-04, -2.941829e-03, -3.656621e-15, 2.797104e-07, 1.633146e-06, 9.868144e-16, -2.941829e-03, -1.768363e-06, -1.607373e-06, -1.607373e-06, -1.633146e-06, -4.234929e-03, 5.726739e-16, 1.768363e-06, 2.797104e-07, -1.723954e-16, -4.234929e-03
2.715533e-04, -2.748204e-03, -3.156058e-15, 6.807628e-06, 1.699949e-05, 4.361646e-16, -2.748204e-03, -1.461664e-05, -1.441961e-05, -1.441961e-05, -1.699949e-05, -3.954228e-03, 4.970099e-16, 1.461664e-05, 6.807628e-06, -8.249950e-17, -3.954228e-03
3.232777e-04, -2.524289e-03, -2.577490e-15, 3.706440e-06, 9.090715e-07, -1.052914e-16, -2.524289e-03, 4.940243e-06, 3.667664e-06, 3.667664e-06, -9.090715e-07, -3.629959e-03, 4.182902e-16, -4.940243e-06, 3.706440e-06, 1.171683e-17, -3.629959e-03
3.831439e-04, -2.256122e-03, -2.027362e-15, 8.696377e-06, 3.441106e-06, -6.407384e-16, -2.256122e-03, 6.550347e-06, 1.106298e-06, 1.106298e-06, -3.441106e-06, -3.242175e-03, 3.361997e-16, -6.550347e-06, 8.696377e-06, 1.014119e-16, -3.242175e-03
4.523227e-04, -1.980635e-03, -1.398538e-15, 2.998226e-06, -6.519235e-06, -9.603430e-16, -1.980635e-03, 7.147317e-06, 2.182020e-06, 2.182020e-06, 6.519235e-06, -2.844102e-03, 2.387656e-16, -7.147317e-06, 2.998225e-06, 1.562588e-16, -2.844102e-03
5.321443e-04, -1.696129e-03, -8.915690e-16, -1.275156e-06, -3.168771e-06, -1.187737e-15, -1.696129e-03, 9.270528e-07, 1.268166e-06, 1.268166e-06, 3.168771e-06, -2.433416e-03, 1.489438e-16, -9.270528e-07, -1.275156e-06, 1.840873e-16, -2.433416e-03
6.241199e-04, -1.416090e-03, -4.621876e-16, -2.706482e-06, -4.070345e-06, -1.248823e-15, -1.416090e-03, -2.763168e-06, -4.854601e-07, -4.854601e-07, 4.070345e-06, -2.029587e-03, 7.756668e-17, 2.763168e-06, -2.706482e-06, 1.892261e-16, -2.029587e-03
7.299648e-04, -1.168402e-03, -1.565581e-16, 3.972528e-08, 2.761416e-06, -1.207188e-15, -1.168402e-03, -4.756283e-06, -3.511188e-06, -3.511188e-06, -2.761416e-06, -1.672646e-03, 2.469462e-17, 4.756283e-06, 3.972528e-08, 1.814313e-16, -1.672646e-03
8.516256e-04, -9.475744e-04, 5.537325e-17, 3.921493e-06, 4.804081e-06, -1.092003e-15, -9.475744e-04, -1.100419e-06, -4.470666e-06, -4.470666e-06, -4.804081e-06, -1.354710e-03, -7.173147e-18, 1.100419e-06, 3.921493e-06, 1.688424e-16, -1.354710e-03
9.913102e-04, -7.563142e-04, 1.885853e-16, -1.892897e-06, -9.755081e-06, -9.322144e-16, -7.563142e-04, -1.469759e-05, -7.920735e-06, -7.920735e-06, 9.755081e-06, -1.079627e-03, -2.284014e-17, 1.469759e-05, -1.892897e-06, 1.375973e-16, -1.079627e-03
1.151522e-03, -5.977810e-04, 2.419912e-16, -8.552574e-06, -9.024470e-06, -7.747392e-16, -5.977810e-04, -6.596495e-06, 4.863352e-06, 4.863352e-06, 9.024470e-06, -8.518407e-04, -3.217681e-17, 6.596495e-06, -8.552574e-06, 1.197538e-16, -8.518407e-04
1.335098e-03, -4.688968e-04, 2.499747e-16, 3.104550e-07, 1.419453e-07, -6.321858e-16, -4.688968e-04, -4.462298e-06, -2.949115e-06, -2.949115e-06, -1.419453e-07, -6.668578e-04, -3.707906e-17, 4.462298e-06, 3.104550e-07, 9.809033e-17, -6.668578e-04
1.545252e-03, -3.672407e-04, 2.486075e-16, -1.247626e-06, -2.488432e-06, -5.017122e-16, -3.672407e-04, -4.786561e-06, -1.088234e-06, -1.088234e-06, 2.488432e-06, -5.211086e-04, -3.515777e-17, 4.786561e-06, -1.247626e-06, 7.991508e-17, -5.211086e-04
1.785625e-03, -2.861325e-04, 2.125784e-16, 4.561274e-07, 2.175073e-07, -4.011280e-16, -2.861325e-04, -1.644485e-07, -5.752472e-07, -5.752472e-07, -2.175073e-07, -4.049802e-04, -3.231907e-17, 1.644485e-07, 4.561274e-07, 6.458523e-17, -4.049802e-04
2.060336e-03, -2.219167e-04, 1.912154e-16, -2.229395e-06, 2.073540e-06, -3.142581e-16, -2.219167e-04, 2.349648e-06, 3.010897e-06, 3.010897e-06, -2.073540e-06, -3.131826e-04, -2.761506e-17, -2.349648e-06, -2.229395e-06, 5.045479e-17, -3.131826e-04
2.374050e-03, -1.731476e-04, 1.649978e-16, -4.541005e-07, 1.240004e-06, -2.454985e-16, -1.731476e-04, 1.602053e-06, 9.639925e-07, 9.639925e-07, -1.240004e-06, -2.435570e-04, -2.330014e-17, -1.602053e-06, -4.541005e-07, 3.946273e-17, -2.435570e-04
2.732042e-03, -1.350649e-04, 1.309768e-16, -1.163821e-06, -1.346728e-06, -1.921383e-16, -1.350649e-04, -1.964900e-06, 5.567268e-07, 5.567268e-07, 1.346728e-06, -1.892869e-04, -1.950289e-17, 1.964900e-06, -1.163821e-06, 3.062089e-17, -1.892869e-04
3.140278e-03, -1.058609e-04, 1.066549e-16, -2.482465e-06, -3.917890e-06, -1.502818e-16, -1.058609e-04, -3.921413e-06, 1.674314e-06, 1.674314e-06, 3.917890e-06, -1.477425e-04, -1.551831e-17, 3.921413e-06, -2.482465e-06, 2.348700e-17, -1.477425e-04
3.605504e-03, -8.313459e-05, 9.111959e-17, -2.896832e-06, -1.296040e-06, -1.187362e-16, -8.313459e-05, -9.896648e-07, 2.792885e-06, 2.792885e-06, 1.296040e-06, -1.154839e-04, -1.319257e-17, 9.896648e-07, -2.896832e-06, 1.908818e-17, -1.154839e-04
4.135345e-03, -6.559763e-05, 7.459177e-17, -3.138130e-07, 3.818555e-07, -9.415079e-17, -6.559763e-05, 4.589722e-07, 4.038762e-07, 4.038762e-07, -3.818555e-07, -9.064725e-05, -1.117768e-17, -4.589722e-07, -3.138130e-07, 1.533454e-17, -9.064725e-05
4.738416e-03, -5.197551e-05, 6.038112e-17, -1.415967e-06, -1.024609e-06, -7.434535e-17, -5.197551e-05, -1.116752e-06, 1.239812e-06, 1.239812e-06, 1.024609e-06, -7.140486e-05, -8.967621e-18, 1.116752e-06, -1.415967e-06, 1.189073e-17, -7.140486e-05
5.424450e-03, -4.145133e-05, 4.968675e-17, 4.810502e-07, 5.565297e-08, -5.975233e-17, -4.145133e-05, -1.356798e-08, -5.016538e-07, -5.016538e-07, -5.565297e-08, -5.657763e-05, -7.502388e-18, 1.356798e-08, 4.810502e-07, 9.684299e-18, -5.657763e-05
6.204436e-03, -3.329819e-05, 4.176963e-17, 5.490498e-07, -3.293724e-07, -4.855817e-17, -3.329819e-05, -3.900781e-07, -6.047597e-07, -6.047597e-07, 3.293724e-07, -4.512307e-05, -6.304246e-18, 3.900781e-07, 5.490498e-07, 7.889001e-18, -4.512307e-05
7.090784e-03, -2.684853e-05, 3.398576e-17, 4.808351e-07, 3.271208e-07, -3.915304e-17, -2.684853e-05, 3.050279e-07, -4.607653e-07, -4.607653e-07, -3.271208e-07, -3.609494e-05, -5.336171e-18, -3.050279e-07, 4.808351e-07, 6.514070e-18, -3.609494e-05
8.097500e-03, -2.182817e-05, 2.855862e-17, -6.961194e-07, 6.602048e-07, -3.225332e-17, -2.182817e-05, 7.670939e-07, 7.849615e-07, 7.849615e-07, -6.602048e-07, -2.909051e-05, -4.375798e-18, -7.670939e-07, -6.961194e-07, 5.281303e-18, -2.909051e-05
9.240391e-03, -1.786057e-05, 2.400950e-17, -1.782656e-06, -1.125456e-06, -2.665076e-17, -1.786057e-05, -1.063353e-06, 1.732452e-06, 1.732452e-06, 1.125456e-06, -2.357687e-05, -3.677234e-18, 1.063353e-06, -1.782656e-06, 4.359287e-18, -2.357687e-05
1.053729e-02, -1.475432e-05, 2.046651e-17, -5.473377e-07, -2.657440e-07, -2.238965e-17, -1.475432e-05, -2.102148e-07, 5.529138e-07, 5.529138e-07, 2.657440e-07, -1.927567e-05, -3.111898e-18, 2.102148e-07, -5.473377e-07, 3.643830e-18, -1.927567e-05
1.200831e-02, -1.227191e-05, 1.747909e-17, -9.493735e-07, -2.114230e-09, -1.891548e-17, -1.227191e-05, 6.342376e-08, 9.727334e-07, 9.727334e-07, 2.114230e-09, -1.585424e-05, -2.634123e-18, -6.342376e-08, -9.493735e-07, 3.051402e-18, -1.585424e-05
1.367613e-02, -1.030072e-05, 1.510198e-17, -1.031150e-06, -2.133636e-07, -1.616922e-17, -1.030072e-05, -1.701407e-07, 1.037592e-06, 1.037592e-06, 2.133636e-07, -1.314914e-05, -2.259033e-18, 1.701407e-07, -1.031150e-06, 2.589974e-18, -1.314914e-05
1.556632e-02, -8.729866e-06, 1.298439e-17, -2.086341e-07, -1.118097e-07, -1.380453e-17, -8.729866e-06, -1.050603e-07, 2.070540e-07, 2.070540e-07, 1.118097e-07, -1.100289e-05, -1.969365e-18, 1.050603e-07, -2.086341e-07, 2.241434e-18, -1.100289e-05
1.770772e-02, -7.457217e-06, 1.140286e-17, -1.013592e-07, 1.728010e-07, -1.204598e-17, -7.457217e-06, 2.058955e-07, 1.183995e-07, 1.183995e-07, -1.728010e-07, -9.273625e-06, -1.741524e-18, -2.058955e-07, -1.013592e-07, 1.966901e-18, -9.273625e-06
2.013281e-02, -6.454513e-06, 1.007499e-17, -8.756610e-07, 6.532906e-08, -1.058620e-17, -6.454513e-06, 7.240061e-08, 8.795258e-07, 8.795258e-07, -6.532906e-08, -7.915113e-06, -1.487098e-18, -7.240061e-08, -8.756610e-07, 1.672344e-18, -7.915113e-06
2.287819e-02, -5.642182e-06, 9.082491e-18, 9.343300e-07, 1.623634e-06, -9.464423e-18, -5.642182e-06, 1.640083e-06, -8.926463e-07, -8.926463e-07, -1.623634e-06, -6.819683e-06, -1.318817e-18, -1.640083e-06, 9.343300e-07, 1.478497e-18, -6.819683e-06
2.598511e-02, -4.966529e-06, 8.334291e-18, 9.297050e-07, 1.436280e-06, -8.627666e-18, -4.966529e-06, 1.442911e-06, -9.003532e-07, -9.003532e-07, -1.436280e-06, -5.915105e-06, -1.242315e-18, -1.442911e-06, 9.297050e-07, 1.380325e-18, -5.915105e-06
2.950000e-02, -4.429707e-06, 7.484129e-18, 4.331863e-07, 6.242080e-08, -7.719779e-18, -4.429707e-06, 5.664489e-08, -4.341331e-07, -4.341331e-07, -6.242080e-08, -5.197822e-06, -1.120652e-18, -5.664489e-08, 4.331863e-07, 1.237093e-18, -5.197822e-06
